50
506 868816161 502504992
781 794724140 599786058
560 324446428 408994757
951 570450386 715825145
854 723192227 898507758
640 898448567 560800856
737 863091682 653468332
892 759783003 688832279
920 366825550 926028081
861 495711917 763857437
666 947116107 384181791
950 988503001 731553179
513 869239387 345802778
896 504722832 990009245
800 301776712 211128076
776 614186925 329865499
753 589033581 654247149
584 599644793 869033641
557 842670776 493909324
862 975665889 894493690
630 365741156 453529074
591 298237635 578305754
552 393987008 278325902
868 473561077 368920214
946 752642352 621172242
722 483128676 787076416
746 587960418 289458980
524 762473866 868807934
650 367959282 612857106
982 450475499 325634417
606 336177780 710799941
821 393640330 777357841
797 271437911 630783499
962 862712947 901854419
707 801231953 228604627
947 802284124 540201127
545 687428290 693357661
781 457472850 237808720
828 223351342 671723649
524 318837186 248805479
789 778210574 391486918
863 923750304 660619847
621 342020902 822186856
906 459103249 942757999
720 623413874 829834340
521 220154077 529303772
654 205783217 906441310
910 321244622 562226247
604 434719635 837272634
544 794726313 335871728
